      0/99    0.665G   0.06106   0.01442         0   0.07548        47       640    0.0332   0.03185  0.004639 0.0006965   0.08796   0.01205         0
      1/99      2.6G   0.05464   0.01435         0   0.06898        33       640    0.6521    0.5336    0.5612    0.2167   0.08308   0.01082         0
      2/99     3.41G   0.04963   0.01264         0   0.06227        49       640    0.8329    0.7229    0.7991    0.4108   0.07443   0.01083         0
      3/99     3.41G   0.04493   0.01167         0    0.0566        36       640    0.8511    0.7588    0.8312    0.4705    0.0723  0.009319         0
      4/99     3.41G   0.04208   0.01113         0   0.05321        38       640    0.8978    0.7725    0.8594    0.4728   0.06808  0.009786         0
      5/99     3.41G   0.04031   0.01084         0   0.05116        49       640    0.9258     0.818    0.8952    0.5438   0.06377  0.009504         0
      6/99     3.41G   0.03949   0.01049         0   0.04998        29       640    0.9544    0.8327    0.9129    0.5622   0.05702  0.009982         0
      7/99     3.41G   0.03806   0.01038         0   0.04844        39       640    0.9644    0.8544    0.9255    0.5836    0.0589  0.009072         0
      8/99     3.41G   0.03843   0.01012         0   0.04855        40       640    0.9509    0.8487     0.927    0.6079   0.05728  0.009106         0
      9/99     3.41G   0.03731   0.01045         0   0.04776        36       640    0.9536    0.8657    0.9286     0.593   0.06386  0.008501         0
     10/99     3.41G   0.03669   0.01001         0    0.0467        40       640    0.9581    0.8766    0.9436    0.6193   0.05592  0.009211         0
     11/99     3.41G   0.03646   0.01008         0   0.04654        37       640    0.9771    0.8505    0.9351    0.6085   0.05118  0.009877         0
     12/99     3.41G   0.03644  0.009932         0   0.04638        32       640    0.9498    0.9043    0.9456    0.6288   0.05571  0.009052         0
     13/99     3.41G   0.03582  0.009918         0   0.04574        31       640    0.9674    0.8941    0.9479    0.6171   0.05626  0.008945         0
     14/99     3.41G   0.03569  0.009722         0   0.04541        25       640    0.9432    0.9265    0.9506     0.626   0.05908  0.008637         0
     15/99     3.41G   0.03489  0.009653         0   0.04454        34       640    0.9507    0.9208    0.9539    0.6361   0.05563   0.00873         0
     16/99     3.41G     0.035  0.009701         0    0.0447        30       640    0.9685    0.9084    0.9546    0.6355    0.0537  0.009157         0
     17/99     3.41G   0.03531  0.009593         0    0.0449        27       640    0.9527    0.9215    0.9528    0.6379   0.05472  0.008821         0
     18/99     3.41G     0.034  0.009485         0   0.04349        34       640    0.9716    0.9158    0.9538    0.6536   0.04363  0.009986         0
     19/99     3.41G   0.03463  0.009495         0   0.04413        30       640    0.9545    0.9323    0.9575    0.6588   0.04969  0.009017         0
     20/99     3.41G   0.03346  0.009498         0   0.04296        40       640    0.9524    0.9209    0.9577    0.6509   0.04182   0.01004         0
     21/99     3.41G   0.03282  0.009345         0   0.04217        27       640    0.9627    0.8947    0.9525    0.6485   0.04822  0.009233         0
     22/99     3.41G   0.03403  0.009405         0   0.04343        37       640    0.9541    0.9352    0.9597    0.6619   0.05563  0.008448         0
     23/99     3.41G   0.03278  0.009367         0   0.04215        35       640    0.9755    0.9141    0.9573    0.6647   0.04413  0.009425         0
     24/99     3.41G   0.03348  0.009228         0   0.04271        34       640    0.9634    0.9295    0.9568    0.6619   0.04526  0.009198         0
     25/99     3.41G   0.03343  0.009293         0   0.04272        39       640    0.9683     0.934    0.9638    0.6701   0.04944  0.008854         0
     26/99     3.41G   0.03349  0.009416         0   0.04291        29       640     0.963    0.9187    0.9559    0.6685   0.03974  0.009878         0
     27/99     3.41G   0.03271  0.009349         0   0.04206        43       640    0.9709    0.9289    0.9665     0.686   0.03673  0.009878         0
     28/99     3.41G    0.0325  0.009121         0   0.04162        44       640    0.9625    0.9355    0.9657    0.6703    0.0417  0.009467         0
     29/99     3.41G    0.0322  0.009234         0   0.04143        34       640    0.9451    0.9408    0.9664    0.6746   0.04481  0.009113         0
     30/99     3.41G   0.03173  0.008981         0   0.04071        35       640    0.9628    0.9425    0.9693    0.6803   0.05112  0.008286         0
     31/99     3.41G   0.03204  0.009022         0   0.04106        29       640    0.9766    0.9276    0.9662    0.6825   0.04995   0.00847         0
     32/99     3.41G    0.0313  0.008958         0   0.04026        26       640    0.9575    0.9477    0.9657    0.6877   0.04818  0.008608         0
     33/99     3.41G   0.03078  0.008998         0   0.03978        33       640    0.9598     0.951    0.9672    0.6812   0.04161  0.009248         0
     34/99     3.41G   0.03182  0.008958         0   0.04078        38       640     0.974    0.9386    0.9652    0.6901   0.04278  0.008984         0
     35/99     3.41G   0.03185  0.009054         0    0.0409        33       640    0.9833    0.9221    0.9638    0.6853   0.03892  0.009401         0
     36/99     3.41G    0.0319  0.008928         0   0.04083        31       640    0.9803    0.9374    0.9685    0.6939   0.04246  0.008954         0
     37/99     3.41G   0.03076  0.008796         0   0.03955        38       640    0.9746    0.9403    0.9682    0.7028   0.04367   0.00891         0
     38/99     3.41G   0.03134  0.008841         0   0.04018        25       640    0.9844     0.934    0.9684    0.6972   0.04526  0.008762         0
     39/99     3.41G   0.03103  0.008771         0    0.0398        47       640    0.9749    0.9289     0.966    0.6997   0.04357  0.009029         0
     40/99     3.41G   0.03158  0.008704         0   0.04029        34       640    0.9722    0.9386     0.969    0.7022   0.04395  0.008682         0
     41/99     3.41G   0.03162  0.008891         0   0.04051        25       640    0.9744    0.9408    0.9711    0.7006     0.038   0.00929         0
     42/99     3.41G     0.031  0.008831         0   0.03983        44       640    0.9644     0.955     0.972    0.7049   0.03695  0.009389         0
     43/99     3.41G   0.03158  0.008725         0    0.0403        24       640     0.972    0.9471    0.9748    0.7075   0.04029  0.009041         0
     44/99     3.41G   0.03115  0.008711         0   0.03986        25       640    0.9718    0.9437    0.9701    0.6983   0.04118  0.009013         0
     45/99     3.41G   0.03071  0.008704         0   0.03941        27       640    0.9627    0.9544    0.9714    0.7014   0.04447  0.008724         0
     46/99     3.41G    0.0304  0.008597         0     0.039        39       640    0.9769    0.9362    0.9724    0.7071   0.04681  0.008482         0
     47/99     3.41G    0.0301   0.00865         0   0.03875        30       640    0.9641    0.9476    0.9718     0.705   0.04238  0.008887         0
     48/99     3.41G   0.03083  0.008684         0   0.03951        44       640    0.9795    0.9408    0.9722    0.7083   0.04158   0.00899         0
     49/99     3.41G   0.03128  0.008688         0   0.03997        33       640    0.9719    0.9442     0.969    0.7081   0.04068  0.008991         0
     50/99     3.41G   0.03036  0.008686         0   0.03905        33       640    0.9703    0.9476    0.9707     0.708   0.03963  0.009077         0
     51/99     3.41G   0.03045  0.008662         0   0.03911        30       640    0.9811    0.9482    0.9751    0.7097   0.03921  0.009014         0
     52/99     3.41G   0.03047  0.008651         0   0.03912        31       640    0.9656    0.9567    0.9722    0.7128   0.03873  0.009004         0
     53/99     3.41G   0.02937  0.008484         0   0.03785        21       640    0.9765    0.9477    0.9711     0.712   0.04162  0.008719         0
     54/99     3.41G   0.03044  0.008656         0    0.0391        30       640    0.9788    0.9471    0.9719     0.714   0.04209   0.00867         0
     55/99     3.41G   0.02977  0.008508         0   0.03828        42       640    0.9755    0.9527    0.9734    0.7147   0.03905  0.008989         0
     56/99     3.41G   0.02875  0.008446         0    0.0372        35       640    0.9821     0.942    0.9738    0.7132   0.03667  0.009206         0
     57/99     3.41G   0.02969  0.008445         0   0.03813        30       640    0.9729    0.9477     0.971    0.7176   0.03486  0.009392         0
     58/99     3.41G    0.0297  0.008429         0   0.03813        32       640    0.9805    0.9454    0.9754    0.7208   0.03604  0.009255         0
     59/99     3.41G   0.02936   0.00838         0   0.03774        33       640    0.9845    0.9431    0.9753    0.7194   0.03683  0.009163         0
     60/99     3.41G    0.0299   0.00852         0   0.03842        45       640    0.9803     0.946     0.975    0.7199   0.03785  0.009022         0
     61/99     3.41G   0.02871  0.008292         0     0.037        35       640    0.9748    0.9488    0.9735    0.7207    0.0399  0.008798         0
     62/99     3.41G   0.03001  0.008518         0   0.03853        48       640    0.9799    0.9436    0.9734     0.719    0.0402  0.008784         0
     63/99     3.41G   0.02908  0.008378         0   0.03746        36       640    0.9834    0.9458    0.9745    0.7207   0.04041  0.008729         0
     64/99     3.41G   0.02897  0.008362         0   0.03733        45       640    0.9851    0.9454    0.9746    0.7208   0.04167  0.008611         0
     65/99     3.41G   0.02858  0.008255         0   0.03684        39       640    0.9846    0.9465     0.975    0.7202   0.04232  0.008551         0
     66/99     3.41G   0.02883  0.008308         0   0.03714        27       640    0.9729    0.9607    0.9743    0.7207   0.04223  0.008567         0
     67/99     3.41G   0.02932  0.008354         0   0.03768        38       640     0.975    0.9602    0.9743    0.7216   0.04173  0.008625         0
     68/99     3.41G   0.02888  0.008238         0   0.03711        34       640    0.9817    0.9516    0.9769    0.7212   0.04136  0.008677         0
     69/99     3.41G   0.02847   0.00834         0   0.03681        39       640    0.9817    0.9511    0.9772     0.722   0.04097  0.008729         0
     70/99     3.41G   0.02892  0.008261         0   0.03718        44       640      0.98    0.9511    0.9767    0.7229   0.04039  0.008797         0
     71/99     3.41G   0.02858  0.008227         0   0.03681        33       640    0.9806    0.9511    0.9741    0.7213   0.03995  0.008869         0
     72/99     3.41G   0.02772  0.007999         0   0.03572        37       640    0.9817    0.9482    0.9749    0.7209   0.03977   0.00889         0
     73/99     3.41G   0.02766  0.008113         0   0.03577        31       640    0.9818    0.9494    0.9755    0.7227   0.03963   0.00891         0
     74/99     3.41G    0.0276  0.008013         0   0.03561        26       640    0.9858    0.9454    0.9755    0.7216   0.03964  0.008921         0
     75/99     3.41G   0.02738  0.008116         0    0.0355        40       640    0.9864    0.9465    0.9763    0.7222   0.03972  0.008932         0
     76/99     3.41G   0.02796  0.008128         0   0.03609        25       640    0.9834    0.9511    0.9763     0.723   0.03966  0.008947         0
     77/99     3.41G   0.02709  0.008044         0   0.03513        39       640    0.9841    0.9522     0.976    0.7227   0.03952  0.008958         0
     78/99     3.41G   0.02717  0.007941         0   0.03511        35       640     0.984    0.9522    0.9758    0.7233   0.03939  0.008988         0
     79/99     3.41G   0.02757  0.007985         0   0.03556        34       640     0.983    0.9522    0.9771    0.7243    0.0393  0.009014         0
     80/99     3.41G   0.02727  0.007922         0    0.0352        43       640    0.9858    0.9511    0.9773    0.7243   0.03923  0.009028         0
     81/99     3.41G   0.02708  0.007952         0   0.03504        37       640    0.9881    0.9499    0.9775    0.7254   0.03915  0.009045         0
     82/99     3.41G   0.02732  0.007951         0   0.03527        34       640    0.9882    0.9499     0.978    0.7256     0.039  0.009067         0
     83/99     3.41G   0.02636  0.007793         0   0.03415        34       640    0.9882    0.9499     0.978    0.7251   0.03889  0.009094         0
     84/99     3.41G   0.02672  0.008013         0   0.03473        50       640    0.9858    0.9516    0.9777    0.7251   0.03889  0.009105         0
     85/99     3.41G   0.02739  0.007923         0   0.03532        27       640    0.9851    0.9516    0.9778    0.7255   0.03883   0.00912         0
     86/99     3.41G   0.02705  0.007945         0     0.035        33       640    0.9859    0.9513    0.9778     0.725   0.03874  0.009138         0
     87/99     3.41G   0.02692  0.007936         0   0.03486        33       640    0.9863    0.9511    0.9778    0.7251    0.0387  0.009148         0
     88/99     3.41G   0.02659  0.007896         0   0.03449        29       640    0.9864    0.9505    0.9778    0.7252   0.03866  0.009161         0
     89/99     3.41G    0.0266  0.007873         0   0.03447        32       640    0.9864    0.9505    0.9778    0.7251   0.03857  0.009177         0
     90/99     3.41G   0.02634  0.007824         0   0.03417        20       640    0.9864    0.9505    0.9779    0.7258   0.03851  0.009188         0
     91/99     3.41G   0.02687  0.007899         0   0.03477        29       640    0.9864    0.9505     0.978    0.7261   0.03846  0.009196         0
     92/99     3.41G   0.02648  0.007861         0   0.03434        31       640    0.9852    0.9505    0.9781    0.7265   0.03839  0.009208         0
     93/99     3.41G   0.02625  0.007832         0   0.03408        43       640    0.9768    0.9585    0.9782    0.7267    0.0383  0.009222         0
     94/99     3.41G   0.02612  0.007795         0   0.03391        37       640    0.9768     0.959    0.9782    0.7265   0.03822  0.009235         0
     95/99     3.41G   0.02598  0.007752         0   0.03373        41       640    0.9768     0.959    0.9782    0.7268   0.03816  0.009246         0
     96/99     3.41G   0.02608  0.007679         0   0.03376        34       640    0.9852    0.9516    0.9782    0.7266    0.0381  0.009256         0
     97/99     3.41G   0.02652  0.007735         0   0.03425        40       640    0.9853    0.9516    0.9782     0.727   0.03806  0.009262         0
     98/99     3.41G   0.02623  0.007763         0     0.034        39       640    0.9853    0.9516    0.9783    0.7262   0.03802  0.009268         0
     99/99     3.41G   0.02619  0.007727         0   0.03392        62       640    0.9774     0.959    0.9782    0.7262   0.03797  0.009275         0
